"Ti","V","Cr","Nb","Hf"
11.566,15.374,43.950,29.111,0.000
4.930,8.661,11.719,12.516,62.174
5.387,8.886,16.938,13.025,55.764
4.122,8.927,15.615,11.205,60.132
5.320,7.037,13.266,7.568,66.809
3.474,8.982,14.355,14.269,58.921
5.033,7.904,13.927,16.124,57.012
5.715,8.810,13.542,13.997,57.935
4.214,6.689,15.978,13.173,59.945
3.899,10.791,16.796,16.600,51.914
7.277,9.896,15.419,13.243,54.164
4.098,8.635,17.830,11.630,57.807
6.363,7.806,14.735,8.397,62.699
7.257,12.634,17.649,6.664,55.797
7.800,8.288,10.944,6.375,66.594
7.080,7.402,16.173,15.069,54.276
6.209,9.161,9.997,18.108,56.525
9.530,7.663,9.383,20.132,53.292
9.220,7.950,9.823,22.341,50.665
12.000,6.067,7.510,22.751,51.672
14.247,8.053,5.680,21.014,51.007
11.940,7.145,6.479,21.858,52.579
14.339,6.790,7.460,24.895,46.516
16.386,6.995,4.166,28.407,44.047
14.350,5.269,6.000,25.759,48.622
16.079,6.173,6.845,23.744,47.159
14.892,6.620,4.692,27.217,46.580
17.497,6.297,6.620,28.319,41.266
14.367,7.789,6.155,23.486,48.204
14.585,9.588,3.932,31.949,39.946
13.459,5.941,3.559,27.897,49.144
14.655,8.377,5.538,22.115,49.315
14.376,7.394,5.722,25.443,47.066
12.492,8.426,4.088,37.274,37.720
13.042,5.887,4.217,24.428,52.426
13.651,6.391,3.140,28.147,48.672
13.942,7.904,5.076,22.379,50.699
16.584,6.206,3.830,28.254,45.125
12.750,8.877,7.022,28.009,43.342
16.766,7.351,5.904,28.311,41.669
19.313,13.550,6.048,24.064,37.025
19.087,7.315,5.462,29.465,38.670
12.355,8.327,5.646,24.722,48.949
14.495,10.985,8.968,19.366,46.186
12.437,5.826,7.746,26.830,47.162
12.637,6.603,9.286,22.715,48.759
9.903,6.573,8.589,26.347,48.588
9.319,7.969,10.056,15.676,56.980
8.105,10.748,12.577,15.194,53.377
10.007,7.365,12.619,11.761,58.248
7.546,9.689,10.266,10.245,62.254
6.070,8.394,17.093,9.728,58.715
5.326,7.143,11.181,13.429,62.920
6.128,8.011,11.195,14.112,60.554
6.237,11.644,12.830,11.668,57.621
6.155,8.331,16.296,12.072,57.146
3.546,10.389,12.578,10.619,62.867
6.126,10.314,12.279,13.245,58.037
5.995,9.323,12.922,15.799,55.962
4.823,8.475,14.922,15.252,56.527
5.795,8.977,12.645,13.657,58.926
6.445,8.063,15.604,13.738,56.150
6.009,7.995,14.675,12.920,58.401
4.980,7.038,13.868,13.930,60.183
4.759,7.328,13.525,7.617,66.771
4.232,6.223,13.272,17.557,58.716
5.716,7.380,10.652,16.616,59.636
5.802,6.758,18.014,15.159,54.266
7.062,6.429,18.590,7.029,60.890
5.561,9.559,14.694,12.873,57.314
5.110,7.421,13.580,12.897,60.992
6.022,7.412,15.643,8.868,62.054
5.348,9.772,14.242,13.746,56.892
5.317,8.270,13.502,14.052,58.859
3.758,8.964,12.669,8.064,66.546
5.391,10.742,16.401,13.345,54.121
4.191,6.967,13.689,17.580,57.572
4.482,6.166,12.688,13.558,63.107
5.817,10.756,13.854,18.410,51.164
4.745,7.994,14.104,16.811,56.346
4.288,7.569,8.255,13.452,66.436
3.762,8.523,13.947,12.856,60.912
6.417,9.714,12.828,18.036,53.004
5.089,9.075,17.072,13.386,55.379
4.963,6.300,11.681,9.947,67.109
5.485,7.352,20.708,10.868,55.586
4.371,10.836,18.430,12.190,54.174
4.710,7.722,14.906,13.815,58.848
6.946,7.262,12.144,12.289,61.359
6.514,7.779,12.630,8.100,64.976
7.570,8.615,15.060,18.236,50.518
6.941,6.625,12.120,11.559,62.755
4.661,8.458,11.372,12.877,62.631
7.760,7.548,11.577,24.215,48.899
10.746,11.405,12.092,11.971,53.786
12.597,7.956,9.949,19.620,49.879
12.800,10.587,9.081,19.442,48.091
12.236,6.129,7.612,22.423,51.600
15.261,6.835,8.614,22.119,47.171
17.065,10.723,6.733,23.117,42.361
13.757,7.305,4.456,26.619,47.863
16.737,8.849,6.725,20.958,46.732
16.429,7.308,6.025,25.249,44.988
13.406,7.882,4.708,20.174,53.830
13.587,7.873,6.603,31.658,40.279
16.143,7.622,6.309,28.463,41.462
13.226,6.088,3.218,27.121,50.348
14.108,6.077,5.157,24.271,50.387
16.153,5.134,3.535,29.374,45.804
12.820,7.476,6.066,27.307,46.331
12.660,6.571,3.473,26.248,51.048
12.466,8.130,7.323,31.050,41.031
18.775,7.638,8.085,19.252,46.250
18.880,6.608,6.226,20.452,47.835
14.636,9.398,3.991,25.797,46.178
18.788,9.522,5.874,25.378,40.438
14.515,7.851,6.043,17.084,54.508
18.299,10.527,7.641,32.644,30.889
15.817,6.023,4.185,23.271,50.704
16.619,8.524,5.846,30.229,38.782
17.731,7.416,6.087,22.422,46.344
14.646,8.474,5.895,23.214,47.772
12.766,10.631,4.989,24.729,46.886
10.520,9.467,7.616,24.180,48.217
12.752,11.157,8.298,26.944,40.850
11.775,10.095,6.514,22.586,49.030
14.579,7.886,6.908,19.454,51.174
17.066,6.225,12.268,21.074,43.368
11.761,7.925,9.117,16.850,54.347
7.857,6.817,9.356,19.938,56.032
11.623,7.915,12.666,15.729,52.067
6.127,9.819,12.525,24.406,47.123
7.804,7.320,12.345,12.917,59.615
5.465,8.427,12.235,11.499,62.374
7.342,8.107,11.252,14.554,58.745
6.243,11.902,13.893,9.764,58.198
5.040,6.219,17.040,13.402,58.298
6.980,7.426,15.715,14.497,55.382
6.868,7.913,15.197,10.279,59.744
6.154,8.214,10.817,13.137,61.678
6.969,9.653,9.870,17.753,55.755
8.185,8.376,13.295,14.919,55.225
6.349,7.309,12.659,15.603,58.080
5.463,9.245,13.677,18.148,53.467
6.958,10.636,19.246,21.902,41.259
6.744,13.497,13.407,18.674,47.678
6.683,8.998,15.490,17.924,50.905
4.182,10.871,12.445,8.442,64.060
4.934,9.043,14.918,13.607,57.499
4.804,10.851,14.386,18.901,51.057
5.824,8.369,12.334,13.543,59.931
4.862,6.774,10.992,13.152,64.221
5.089,8.007,13.863,11.689,61.352
5.862,4.294,14.817,16.747,58.281
4.469,11.786,15.408,16.543,51.795
2.744,7.006,13.503,13.545,63.202
2.666,7.072,12.810,11.796,65.656
5.305,5.472,11.361,11.112,66.750
4.126,8.712,17.342,8.333,61.487
5.244,13.242,14.566,15.798,51.149
4.274,6.265,15.044,18.411,56.006
4.676,7.905,13.582,13.515,60.322
5.185,8.210,15.068,12.823,58.713
6.888,6.064,24.964,17.099,44.985
4.686,13.112,18.556,17.146,46.499
4.568,5.493,10.244,11.461,68.235
4.323,8.235,15.020,8.554,63.868
3.600,9.681,14.937,11.097,60.684
5.042,9.568,12.955,6.519,65.917
5.447,8.952,15.718,14.550,55.333
5.286,8.611,12.591,17.587,55.925
5.208,8.558,17.025,14.304,54.905
4.835,10.727,13.905,10.524,60.008
4.048,11.307,11.297,13.499,59.849
4.730,6.708,16.192,9.749,62.622
4.528,7.956,19.168,15.297,53.050
8.126,8.873,15.170,11.195,56.636
5.338,9.473,12.783,17.165,55.242
6.573,8.247,17.090,12.654,55.435
5.858,8.273,13.019,12.303,60.547
5.113,11.062,12.860,18.721,52.245
8.086,7.769,15.162,14.207,54.775
4.699,9.707,14.936,14.715,55.942
4.632,7.618,12.287,14.491,60.972
5.210,5.589,13.409,8.104,67.687
5.706,10.695,14.591,15.532,53.476
4.861,5.604,13.498,19.554,56.483
4.281,8.849,13.123,5.949,67.799
6.370,6.111,12.721,12.309,62.487
6.574,9.876,13.267,15.100,55.183
5.668,8.268,13.126,9.495,63.443
10.896,11.071,13.587,14.802,49.643
8.276,9.206,13.938,16.096,52.485
7.110,7.857,14.079,9.169,61.784
7.443,7.310,9.444,21.936,53.867
11.873,8.577,12.662,24.226,42.663
15.665,7.618,10.426,19.261,47.030
9.695,7.218,7.476,23.693,51.918
11.327,7.606,8.444,17.773,54.850
11.136,7.347,12.106,24.644,44.767
12.538,8.906,8.983,27.076,42.498
11.704,12.438,9.052,13.825,52.982
8.490,11.325,8.463,27.107,44.615
8.307,8.700,6.398,19.238,57.357
8.962,9.923,11.592,21.548,47.974
8.105,7.227,9.233,23.853,51.582
8.167,7.761,11.543,17.119,55.409
5.742,6.381,10.184,20.021,57.672
6.363,8.976,14.366,11.566,58.729
4.312,6.435,13.393,20.554,55.306
7.686,11.192,12.341,14.972,53.809
5.397,9.440,13.582,17.208,54.373
6.092,8.705,13.215,13.880,58.108
5.241,7.112,12.263,10.387,64.997
4.273,8.845,14.054,14.472,58.356
7.942,9.462,13.000,16.174,53.422
4.778,8.627,15.128,11.914,59.554
4.646,8.844,14.107,16.151,56.252
4.845,12.897,12.551,17.380,52.327
4.099,6.744,12.387,14.208,62.562
5.483,8.340,19.447,16.652,50.078
6.593,8.921,15.990,13.307,55.190
4.747,7.507,15.909,13.236,58.602
5.467,9.124,12.842,14.673,57.894
4.110,8.966,8.831,11.588,66.504
6.009,13.316,18.152,12.108,50.415
4.867,11.486,17.856,19.438,46.353
6.063,9.058,14.306,18.802,51.771
5.719,8.644,13.000,16.121,56.516
4.181,9.591,14.838,18.008,53.382
4.682,10.305,12.765,14.544,57.703
5.380,4.566,12.894,16.169,60.992
6.264,7.708,15.875,16.592,53.562
5.861,8.283,14.748,14.540,56.567
5.658,8.487,13.857,18.155,53.844
4.336,7.374,14.435,13.160,60.695
4.645,6.866,12.316,11.366,64.808
4.937,9.810,15.316,8.791,61.147
6.662,8.152,16.343,16.825,52.019
5.638,8.368,13.891,12.007,60.096
5.501,7.110,12.690,14.479,60.221
6.544,9.762,15.704,15.512,52.478
6.109,8.566,15.256,15.438,54.630
7.523,11.438,14.385,11.375,55.279
4.433,8.151,13.000,13.604,60.812
5.116,12.295,11.624,17.719,53.245
5.031,7.636,14.221,15.180,57.932
7.071,8.523,17.395,12.307,54.704
4.195,10.512,15.453,14.537,55.302
6.961,9.171,13.340,12.587,57.941
4.548,8.741,16.470,11.412,58.828
5.809,9.394,15.875,12.084,56.838
5.378,9.619,20.750,18.244,46.009
5.411,10.336,11.534,9.470,63.250
4.919,11.060,14.119,14.386,55.517
5.741,7.215,14.036,14.743,58.265
